     1   1512    601    160
     1   1919   1305    160
     2   1512    601    155
     2   1917   1306    155
     3   1512    601    150
     3   1917   1306    150
     4   1511    602    145
     4   1917   1307    145
     5   1510    603    140
     5   1916   1308    140
     6   1510    604    135
     6   1915   1308    135
     7   1509    605    130
     7   1914   1309    130
     8   1509    605    125
     8   1914   1310    125
     9   1509    605    120
     9   1914   1309    120
    10   1508    606    115
    10   1913   1310    115
    11   1508    607    110
    11   1911   1309    110
    12   1507    607    105
    12   1911   1308    105
    13   1506    608    100
    13   1911   1311    100
    14   1506    609     95
    14   1912   1310     95
    15   1505    608     90
    15   1911   1312     90
    16   1505    608     85
    16   1910   1311     85
    17   1504    608     80
    17   1909   1312     80
    18   1504    608     75
    18   1909   1311     75
    19   1504    608     70
    19   1908   1312     70
    20   1504    608     65
    20   1908   1314     65
    21   1503    608     60
    21   1908   1314     60
    22   1500    608     55
    22   1907   1315     55
    23   1499    608     50
    23   1906   1316     50
    24   1498    608     45
    24   1906   1317     45
    25   1498    609     40
    25   1906   1317     40
    26   1499    609     35
    26   1906   1318     35
    27   1498    609     30
    27   1905   1316     30
    28   1497    608     25
    28   1905   1318     25
    29   1496    609     20
    29   1904   1319     20
    30   1495    609     15
    30   1905   1320     15
    31   1494    609     10
    31   1904   1319     10
    32   1494    609      5
    32   1903   1319      5
    33   1494    609      0
    33   1903   1320      0
    34   1512    600    165
    34   1919   1305    165
    35   1512    600    170
    35   1919   1305    170
    36   1512    600    175
    36   1919   1306    175
    37   1512    600    180
    37   1919   1305    180
    38   1512    600    185
    38   1919   1306    185
    39   1511    599    190
    39   1918   1305    190
    40   1511    599    195
    40   1919   1304    195
    41   1511    599    200
    41   1919   1304    200
    42   1511    600    205
    42   1919   1304    205
    43   1511    599    210
    43   1919   1304    210
    44   1511    600    215
    44   1919   1304    215
    45   1511    599    220
    45   1919   1304    220
    46   1512    600    225
    46   1919   1304    225
    47   1511    599    230
    47   1918   1303    230
    48   1511    598    235
    48   1919   1304    235
    49   1510    599    240
    49   1919   1304    240
    50   1509    599    245
    50   1919   1304    245
    51   1508    600    250
    51   1918   1304    250
    52   1508    600    255
    52   1917   1304    255
    53   1508    600    260
    53   1917   1304    260
    54   1508    600    265
    54   1917   1303    265
    55   1507    602    270
    55   1917   1304    270
    56   1507    601    275
    56   1916   1303    275
    57   1507    602    280
    57   1915   1304    280
    58   1507    601    285
    58   1915   1305    285
    59   1506    601    290
    59   1914   1304    290
    60   1505    600    295
    60   1913   1305    295
    61   1505    600    300
    61   1913   1305    300
    62   1504    600    305
    62   1914   1306    305
    63   1503    599    310
    63   1912   1305    310
    64   1503    600    315
    64   1913   1306    315
    65   1503    600    320
    65   1913   1308    320
