     1      3    872    159
     1   1604   1610    159
     2      3    873    152
     2   1605   1611    152
     3      3    873    147
     3   1603   1610    147
     4      4    874    142
     4   1606   1612    142
     5      3    874    137
     5   1604   1613    137
     6      4    870    132
     6   1604   1610    132
     7      3    876    127
     7   1608   1612    127
     8      3    874    122
     8   1606   1612    122
     9      0    873    117
     9   1603   1610    117
    10      3    874    112
    10   1606   1612    112
    11      2    875    107
    11   1603   1613    107
    12      0    873    102
    12   1601   1610    102
    13      1    871     97
    13   1602   1614     97
    14      0    873     92
    14   1600   1613     92
    15      0    873     87
    15   1601   1612     87
    16      0    871     82
    16   1601   1612     82
    17      0    874     77
    17   1599   1612     77
    18      0    870     72
    18   1599   1608     72
    19      0    872     67
    19   1598   1612     67
    20      2    872    164
    20   1605   1609    164
    21      1    871    169
    21   1602   1611    169
    22      2    871    174
    22   1605   1609    174
    23      1    870    179
    23   1602   1608    179
    24      0    870    184
    24   1603   1610    184
    25      0    870    189
    25   1604   1610    189
    26      0    868    194
    26   1602   1608    194
    27      0    868    199
    27   1605   1608    199
    28      0    867    204
    28   1604   1610    204
    29      0    870    209
    29   1602   1606    209
    30      0    868    214
    30   1606   1607    214
    31      0    867    219
    31   1602   1606    219
    32      0    869    224
    32   1605   1609    224
    33      0    868    229
    33   1606   1610    229
    34      0    866    234
    34   1605   1609    234
    35      0    868    239
    35   1605   1609    239
    36      0    868    244
    36   1605   1612    244
    37      0    865    249
    37   1605   1608    249
    38      0    868    254
    38   1603   1608    254
    39      0    868    259
    39   1604   1610    259
    40      0    867    264
    40   1600   1606    264
    41      0    867    269
    41   1606   1607    269
    42      2    866    274
    42   1605   1609    274
    43      0    864    279
    43   1600   1604    279
    44      0    866    284
    44   1602   1611    284
    45      1    867    289
    45   1601   1607    289
    46      0    865    294
    46   1602   1608    294
    47      0    863    299
    47   1603   1610    299
    48      0    865    304
    48   1599   1608    304
    49      0    860    309
    49   1601   1607    309
    50      0    865    314
    50   1602   1611    314
    51      1    863    319
    51   1597   1607    319
    52      0    861    324
    52   1605   1605    324
    53      0    865    329
    53   1599   1608    329
    54      0    862    334
    54   1606   1604    334
    55      0    864    339
    55   1602   1605    339
    56      0    864    344
    56   1605   1605    344
