     1   1228   1219    217
     1      9    129    132
     2   1226   1218    218
     2      7    129    133
     3   1226   1219    219
     3      7    129    134
     4   1225   1218    220
     4      7    127    135
     5   1225   1218    221
     5      7    129    136
     6   1225   1219    222
     6      8    130    137
     7   1227   1221    223
     7      7    129    138
     8   1225   1220    224
     8      7    131    139
     9   1224   1218    225
     9      7    129    140
    10   1224   1218    226
    10      6    130    141
    11   1225   1219    227
    11      8    127    142
    12   1226   1222    228
    12      7    131    143
    13   1225   1219    229
    13      9    131    144
    14   1227   1221    230
    14      7    130    145
    15   1227   1219    231
    15      7    131    146
    16   1223   1221    232
    16      4    130    147
    17   1225   1221    233
    17      6    129    148
    18   1227   1223    234
    18      4    130    149
    19   1224   1220    235
    19      4    130    150
    20   1227   1222    236
    20      4    132    151
    21   1226   1222    237
    21      4    129    152
    22   1225   1221    238
    22      3    131    153
    23   1227   1222    239
    23      2    131    154
    24   1227   1222    240
    24      3    132    155
    25   1224   1222    241
    25      1    130    155
    26   1226   1223    242
    26      4    132    157
    27   1227   1224    244
    27      3    131    158
    28   1226   1223    244
    28      2    131    159
    29   1225   1224    245
    29      4    134    160
    30   1223   1222    246
    30      1    134    161
    31   1227   1224    248
    31      0    131    161
    32   1227   1224    249
    32      1    135    163
    33   1226   1225    250
    33      2    134    164
    34   1227   1224    251
    34      2    134    165
    35   1228   1225    252
    35      1    135    166
    36   1226   1225    253
    36      0    136    167
    37   1225   1228    254
    37      0    136    168
    38   1223   1224    254
    38      1    137    169
    39   1227   1226    256
    39      0    135    170
    40   1225   1229    257
    40      0    137    171
    41   1227   1226    258
    41      0    135    171
    42   1226   1228    259
    42      2    139    173
    43   1224   1226    260
    43      0    137    174
    44   1224   1227    261
    44      0    139    175
    45   1223   1231    262
    45      0    135    176
    46   1224   1225    263
    46      0    139    177
    47   1224   1227    264
    47      0    136    177
    48   1225   1226    265
    48      0    135    179
    49   1223   1226    266
    49      0    138    180
    50   1225   1228    267
    50      0    142    181
    51   1222   1229    268
    51      2    137    182
    52   1223   1226    269
    52      0    139    183
    53   1223   1226    270
    53      0    137    184
    54   1227   1226    271
    54      2    137    185
    55   1222   1225    271
    55      0    139    186
    56   1223   1226    273
    56      0    141    187
    57   1225   1230    274
    57      0    138    188
    58   1225   1226    275
    58      0    138    189
    59   1224   1227    276
    59      0    139    190
    60   1224   1227    277
    60      0    137    191
    61   1223   1228    278
    61      2    141    192
    62   1226   1227    279
    62      0    142    193
    63   1222   1227    280
    63      0    141    194
    64   1223   1228    281
    64      0    140    195
    65   1225   1229    282
    65      2    141    196
    66   1222   1227    283
    66      0    141    197
    67   1224   1228    284
    67      0    139    198
    68   1223   1225    284
    68      0    140    199
    69   1222   1229    286
    69      0    141    200
    70   1223   1231    287
    70      0    141    201
    71   1224   1228    288
    71      0    140    202
    72   1224   1228    289
    72      0    140    203
    73   1224   1230    290
    73      0    138    204
    74   1222   1230    291
    74      0    140    205
    75   1222   1228    292
    75      0    140    206
    76   1222   1230    293
    76      0    140    207
    77   1223   1231    294
    77      1    140    208
    78   1225   1232    295
    78      0    138    209
    79   1221   1228    296
    79      0    142    210
    80   1221   1228    297
    80      0    137    211
    81   1221   1230    298
    81      0    138    212
    82   1219   1230    299
    82      0    140    213
    83   1221   1230    300
    83      0    138    214
    84   1220   1231    301
    84      0    140    215
    85   1223   1228    302
    85      0    138    216
    86   1218   1229    302
    86      0    137    217
    87   1220   1229    304
    87      0    137    218
    88   1221   1232    305
    88      0    136    219
    89   1221   1232    306
    89      0    139    220
    90   1221   1230    307
    90      0    137    221
    91   1221   1230    308
    91      0    137    222
    92   1221   1230    309
    92      0    136    223
    93   1221   1230    310
    93      0    136    224
    94   1220   1229    311
    94      0    137    225
    95   1222   1230    312
    95      0    136    226
    96   1221   1228    313
    96      0    138    227
    97   1220   1229    314
    97      0    137    228
    98   1222   1230    315
    98      0    138    229
    99   1221   1229    316
    99      0    138    230
   100   1225   1228    317
   100      0    136    231
   101   1219   1229    318
   101      0    135    232
   102   1221   1231    319
   102      0    137    233
   103   1218   1230    320
   103      0    134    234
   104   1221   1228    321
   104      0    135    235
   105   1219   1228    322
   105      0    135    236
   106   1220   1230    323
   106      0    133    237
   107   1219   1228    324
   107      1    135    238
   108   1220   1231    325
   108      2    136    239
   109   1220   1231    326
   109      0    137    240
   110   1218   1231    327
   110      0    134    241
   111   1220   1233    328
   111      0    134    242
   112   1222   1233    329
   112      0    136    243
   113   1219   1232    330
   113      0    136    244
   114   1218   1233    331
   114      1    139    245
   115   1221   1233    332
   115      0    135    246
   116   1218   1233    333
   116      1    137    247
   117   1219   1233    334
   117      0    134    248
   118   1219   1232    335
   118      0    136    249
   119   1218   1236    336
   119      0    137    250
   120   1218   1236    337
   120      0    140    251
   121   1221   1233    338
   121      0    137    252
   122   1215   1233    339
   122      0    139    253
   123   1218   1234    340
   123      0    137    254
   124   1216   1236    341
   124      0    138    255
   125   1217   1235    342
   125      0    139    256
   126   1219   1237    343
   126      1    140    257
   127   1221   1237    344
   127      0    137    258
   128   1218   1238    345
   128      2    139    259
   129   1219   1239    346
   129      2    141    260
   130   1217   1237    347
   130      0    141    261
   131   1218   1236    348
   131      1    138    262
   132   1220   1239    349
   132      0    136    263
   133   1217   1237    350
   133      0    139    264
   134   1217   1237    351
   134      0    139    265
   135   1218   1239    352
   135      1    138    266
   136   1217   1237    353
   136      2    139    267
   137   1218   1241    354
   137      0    136    268
   138   1219   1236    355
   138      0    139    269
   139   1218   1237    356
   139      0    139    270
   140   1216   1239    357
   140      0    140    271
   141   1218   1239    358
   141      0    138    272
   142   1219   1238    359
   142      1    139    273
   143   1218   1236    360
   143      0    140    274
   144   1217   1236    361
   144      0    142    275
   145   1218   1239    362
   145      0    138    276
   146   1217   1240    363
   146      0    141    277
   147   1218   1243    364
   147      0    142    278
   148   1218   1238    365
   148      0    137    279
   149   1219   1239    366
   149      0    140    280
   150   1216   1240    367
   150      0    142    281
   151   1217   1241    368
   151      0    142    282
   152   1215   1239    369
   152      0    143    283
   153   1217   1243    370
   153      0    140    284
   154   1215   1239    371
   154      0    139    285
   155   1217   1243    372
   155      0    137    286
   156   1218   1240    373
   156      0    140    287
   157   1213   1242    374
   157      0    144    288
   158   1220   1243    375
   158      0    144    289
   159   1213   1243    376
   159      0    141    290
   160   1221   1242    377
   160      0    139    291
   161   1212   1244    378
   161      0    143    292
   162   1216   1243    379
   162      0    140    293
   163   1216   1241    380
   163      1    144    294
   164   1214   1241    381
   164      0    144    295
   165   1215   1242    382
   165      0    143    296
   166   1214   1241    383
   166      0    138    297
   167   1215   1244    384
   167      0    139    298
   168   1215   1242    385
   168      0    144    299
   169   1215   1244    386
   169      0    141    300
   170   1216   1243    387
   170      0    139    301
   171   1213   1244    388
   171      0    142    302
   172   1215   1242    389
   172      0    140    303
   173   1216   1244    390
   173      0    140    304
   174   1214   1243    391
   174      0    142    305
   175   1215   1244    392
   175      1    140    306
   176   1212   1241    393
   176      2    141    307
   177   1212   1243    394
   177      1    142    308
   178   1215   1243    395
   178      0    141    309
   179   1215   1245    396
   179      0    142    310
   180   1213   1245    397
   180      2    141    311
   181   1213   1245    398
   181      1    142    312
   182   1213   1245    399
   182      1    142    313
   183   1214   1244    400
   183      0    140    314
   184   1212   1246    401
   184      0    141    315
   185   1216   1245    402
   185      0    143    316
   186   1211   1245    403
   186      0    142    317
   187   1213   1246    404
   187      0    143    318
   188   1213   1244    405
   188      0    145    319
   189   1214   1247    406
   189      0    140    320
   190   1213   1246    407
   190      0    141    321
   191   1211   1246    408
   191      0    144    322
   192   1213   1246    409
   192      0    142    323
   193   1214   1247    410
   193      0    142    324
   194   1215   1246    411
   194      0    148    325
   195   1213   1250    412
   195      0    142    326
   196   1211   1248    413
   196      0    140    327
   197   1214   1247    414
   197      0    145    328
   198   1211   1250    415
   198      0    141    329
   199   1208   1245    416
   199      0    143    330
   200   1212   1247    417
   200      0    143    331
   201   1211   1246    418
   201      0    143    332
   202   1210   1249    419
   202      0    143    333
   203   1210   1249    420
   203      0    146    334
   204   1209   1252    421
   204      1    142    335
   205   1212   1249    422
   205      0    143    336
   206   1209   1250    423
   206      1    144    337
   207   1210   1249    424
   207      2    145    338
   208   1211   1251    425
   208      1    146    339
   209   1208   1250    426
   209      0    145    340
   210   1210   1252    427
   210      2    144    341
   211   1209   1249    428
   211      1    147    342
   212   1211   1253    429
   212      1    145    343
   213   1210   1250    430
   213      0    145    344
   214   1209   1251    431
   214      0    145    345
   215   1210   1250    432
   215      0    143    346
   216   1207   1253    433
   216      2    146    347
   217   1210   1251    434
   217      0    146    348
   218   1210   1252    435
   218      1    145    349
   219   1208   1252    436
   219      2    143    350
   220   1207   1253    437
   220      1    146    351
   221   1208   1254    438
   221      2    143    352
   222   1209   1253    439
   222      3    146    353
   223   1210   1255    440
   223      2    147    354
   224   1208   1253    441
   224      1    144    355
   225   1209   1255    442
   225      3    146    356
   226   1208   1255    443
   226      1    144    357
   227   1212   1256    444
   227      0    147    358
   228   1210   1256    445
   228      2    147    359
   229   1210   1254    446
   229      1    144    360
   230   1205   1254    447
   230      3    142    361
   231   1207   1255    448
   231      0    148    362
   232   1209   1257    449
   232      1    146    363
   233   1225   1221    216
   233      7    129    131
   234   1226   1221    215
   234      5    133    130
   235   1225   1223    214
   235      9    129    129
   236   1226   1220    213
   236      8    127    128
   237   1225   1221    212
   237      7    128    127
   238   1226   1220    211
   238      7    130    126
   239   1226   1224    210
   239      5    130    125
   240   1223   1221    209
   240      5    132    124
   241   1226   1224    208
   241      5    132    123
   242   1223   1223    207
   242      5    132    122
   243   1224   1226    206
   243      5    133    121
   244   1223   1227    205
   244      5    131    120
   245   1225   1230    205
   245      4    134    119
   246   1222   1226    203
   246      1    131    117
   247   1221   1221    202
   247      4    132    117
   248   1224   1231    202
   248      2    134    116
   249   1224   1226    200
   249      2    136    115
   250   1223   1230    200
   250      1    131    113
   251   1221   1228    198
   251      1    137    113
   252   1219   1230    197
   252      1    131    111
   253   1221   1230    196
   253      0    136    111
   254   1221   1228    195
   254      0    136    110
   255   1221   1232    195
   255      0    137    109
   256   1220   1229    193
   256      1    136    108
   257   1224   1231    193
   257      0    135    106
   258   1220   1231    191
   258      0    136    105
   259   1220   1232    190
   259      0    140    105
   260   1222   1233    190
   260      0    135    104
   261   1220   1232    188
   261      0    137    103
   262   1221   1233    188
   262      2    139    102
   263   1218   1234    186
   263      0    135    100
   264   1224   1234    186
   264      0    137     99
   265   1218   1232    184
   265      0    136     98
   266   1218   1234    183
   266      0    137     97
   267   1220   1236    183
   267      1    140     97
   268   1216   1236    181
   268      1    138     96
   269   1222   1238    181
   269      1    139     95
   270   1220   1234    180
   270      6    137     94
   271   1220   1236    179
   271      1    139     93
   272   1218   1239    178
   272      0    140     92
   273   1219   1239    177
   273      2    140     91
   274   1221   1237    176
   274      4    139     90
   275   1219   1234    175
   275      3    139     89
   276   1219   1238    174
   276      4    141     88
   277   1218   1240    173
   277      4    140     87
   278   1221   1238    172
   278      3    141     86
   279   1221   1240    171
   279      4    138     85
   280   1219   1239    170
   280      3    142     84
   281   1222   1239    169
   281      5    137     83
   282   1220   1238    168
   282      4    143     82
   283   1222   1241    167
   283      6    141     81
   284   1223   1239    166
   284      5    140     80
   285   1221   1239    165
   285      6    141     79
   286   1221   1241    164
   286      4    139     78
   287   1219   1239    163
   287      5    144     77
   288   1219   1239    162
   288      7    140     76
   289   1221   1239    161
   289      3    140     75
   290   1220   1240    160
   290      5    142     74
   291   1218   1240    159
   291      3    142     73
   292   1220   1240    158
   292      3    142     72
   293   1220   1242    157
   293      2    141     71
   294   1218   1238    156
   294      4    145     70
   295   1222   1242    155
   295      5    142     69
   296   1220   1242    154
   296      4    143     68
   297   1220   1240    153
   297      4    143     67
   298   1220   1240    152
   298      1    141     66
   299   1220   1241    151
   299      5    144     65
   300   1220   1241    150
   300      3    145     64
   301   1219   1239    149
   301      0    145     63
   302   1217   1242    148
   302      3    145     62
   303   1219   1242    147
   303      0    144     61
   304   1220   1241    146
   304      5    145     60
   305   1217   1241    145
   305      5    145     59
   306   1220   1243    144
   306      3    147     58
   307   1219   1242    143
   307      1    144     57
   308   1220   1243    142
   308      6    148     56
   309   1217   1243    141
   309      6    146     55
   310   1219   1244    140
   310      5    149     54
   311   1218   1244    139
   311      5    149     53
   312   1219   1243    138
   312      3    149     52
   313   1220   1245    137
   313      5    149     51
   314   1218   1246    136
   314      5    153     50
   315   1219   1247    135
   315      5    154     49
   316   1219   1246    134
   316      5    149     48
   317   1217   1244    133
   317      4    151     47
   318   1217   1246    132
   318      5    152     46
   319   1216   1245    131
   319      7    152     45
   320   1219   1246    130
   320      6    151     44
   321   1217   1246    129
   321      5    154     43
   322   1216   1247    128
   322      5    154     42
   323   1222   1250    127
   323      9    156     42
   324   1214   1247    126
   324      6    154     40
   325   1218   1249    125
   325      5    155     39
   326   1219   1252    124
   326      8    159     39
   327   1217   1248    123
   327      6    157     37
   328   1217   1248    122
   328      8    152     36
   329   1217   1250    121
   329      9    158     36
   330   1218   1249    120
   330     10    159     35
   331   1219   1248    119
   331      7    157     33
   332   1221   1250    118
   332      6    158     32
   333   1220   1254    117
   333      8    159     32
   334   1216   1247    116
   334     10    159     31
   335   1219   1248    115
   335     13    162     30
   336   1221   1250    114
   336     14    163     29
   337   1218   1252    113
   337      9    159     28
   338   1220   1250    112
   338     10    159     27
   339   1218   1252    111
   339     10    160     26
   340   1218   1250    110
   340     13    163     25
   341   1218   1252    109
   341     12    162     24
   342   1218   1254    108
   342     13    165     23
   343   1220   1252    107
   343     14    164     22
   344   1218   1252    106
   344     13    163     21
   345   1218   1252    105
   345     14    162     20
   346   1219   1251    104
   346     13    167     19
   347   1218   1254    103
   347     10    165     18
   348   1218   1253    102
   348     16    166     17
   349   1218   1254    101
   349     16    164     16
   350   1218   1253    100
   350     13    165     15
   351   1220   1256     99
   351     15    169     14
   352   1220   1253     98
   352     13    164     13
   353   1218   1253     97
   353     16    166     12
   354   1220   1255     96
   354     16    166     11
   355   1221   1256     95
   355     15    169     10
   356   1219   1255     94
   356     20    170      9
   357   1220   1255     93
   357     14    168      8
   358   1221   1257     92
   358     18    170      7
   359   1223   1258     91
   359     20    168      6
   360   1219   1255     90
   360     19    167      5
   361   1218   1256     89
   361     17    172      4
   362   1221   1259     88
   362     17    170      3
   363   1222   1261     87
   363     18    171      2
   364   1218   1258     86
   364     18    173      1
   365   1221   1259     85
   365     16    172      0
   366   1225   1264     85
   366     26    182      0
   367   1217   1259     83
   367     36    193      0
   368   1217   1257     82
   368     54    211      0
   369   1219   1263     81
   369     64    220      0
