     c      x      y      z
     1      0    834    112
     1   1918    954    112
     2      0    836    111
     2   1919    954    111
     3      0    837    110
     3   1915    958    110
     4      0    839    109
     4   1916    952    109
     5      0    836    108
     5   1915    961    108
     6      5    842    107
     6   1919    949    107
     7      0    836    106
     7   1909    961    106
     8      2    842    105
     8   1910    955    105
     9      2    836    104
     9   1909    961    104
    10      2    836    103
    10   1916    952    103
    11      8    843    102
    11   1916    952    102
    12      2    842    101
    12   1912    958    101
    13      2    842    100
    13   1916    949    100
    14      0    839     99
    14   1910    955     99
    15      2    839     98
    15   1912    958     98
    16      1    845     97
    16   1918    958     97
    17      7    846     96
    17   1916    955     96
    18      5    842     95
    18   1913    955     95
    19      5    842     94
    19   1910    955     94
    20      0    845     93
    20   1916    955     93
    21      2    842     92
    21   1913    955     92
    22      1    848     91
    22   1916    955     91
    23      0    845     90
    23   1910    955     90
    24      2    842     89
    24   1913    955     89
    25      2    839     88
    25   1918    958     88
    26      5    842     87
    26   1913    955     87
    27      2    842     86
    27   1913    955     86
    28      0    839     85
    28   1913    952     85
    29     11    837     84
    29   1913    952     84
    30      2    839    113
    30   1910    955    113
    31      2    842    114
    31   1913    955    114
    32      0    836    115
    32   1918    958    115
    33      0    836    116
    33   1916    949    116
    34      8    837    117
    34   1910    952    117
    35      0    839    118
    35   1913    952    118
    36      0    839    119
    36   1910    955    119
    37      0    836    120
    37   1913    949    120
    38      0    839    121
    38   1912    958    121
    39      0    836    122
    39   1910    952    122
    40      0    836    123
    40   1913    949    123
    41      2    839    124
    41   1910    952    124
    42      2    839    125
    42   1913    952    125
    43      2    839    126
    43   1916    955    126
    44      2    842    127
    44   1913    952    127
    45      0    836    128
    45   1909    958    128
    46      4    845    129
    46   1913    952    129
    47      4    848    130
    47   1916    952    130
    48      0    842    131
    48   1913    955    131
    49      0    842    132
    49   1910    955    132
    50      0    842    133
    50   1909    958    133
    51      0    842    134
    51   1913    952    134
    52      0    839    135
    52   1913    955    135
    53      0    839    136
    53   1915    958    136
    54      8    843    137
    54   1910    952    137
    55      0    839    138
    55   1913    955    138
    56      5    842    139
    56   1919    955    139
    57      1    845    140
    57   1907    954    140
    58      2    842    141
    58   1913    955    141
    59      5    842    142
    59   1913    952    142
    60      2    842    143
    60   1912    958    143
    61      4    845    144
    61   1909    958    144
    62      2    842    145
    62   1913    955    145
    63      5    842    146
    63   1916    949    146
    64      5    842    147
    64   1916    955    147
    65      0    842    148
    65   1916    952    148
    66      7    846    149
    66   1913    949    149
    67      1    845    150
    67   1913    955    150
    68      0    842    151
    68   1906    957    151
    69      1    845    152
    69   1913    955    152
    70      1    845    153
    70   1913    952    153
    71      0    842    154
    71   1918    958    154
    72      5    839    155
    72   1913    955    155
    73      4    845    156
    73   1916    955    156
    74      0    848    157
    74   1915    958    157
    75      7    846    158
    75   1912    958    158
    76      0    848    159
    76   1913    955    159
    77     11    843    160
    77   1913    952    160
    78     10    846    161
    78   1906    960    161
    79      2    842    162
    79   1918    958    162
    80      0    845    163
    80   1915    958    163
    81      1    848    164
    81   1912    961    164
    82      0    848    165
    82   1909    958    165
    83      1    848    166
    83   1910    955    166
    84      7    846    167
    84   1918    958    167
    85      7    852    168
    85   1912    961    168
    86      4    848    169
    86   1918    961    169
    87      1    845    170
    87   1909    958    170
    88      1    851    171
    88   1915    958    171
    89      0    854    172
    89   1907    954    172
    90      7    849    174
    90   1915    961    174
    91      7    855    175
    91   1912    958    175
    92      7    852    176
    92   1913    955    176
    93      7    852    177
    93   1915    961    177
    94      1    854    178
    94   1912    964    178
    95      0    851    179
    95   1907    954    179
    96      4    851    180
    96   1912    958    180
    97      0    854    181
    97   1912    961    181
    98      1    857    182
    98   1903    957    182
    99      4    851    183
    99   1906    957    183
   100      4    854    184
   100   1912    958    184
   101      7    852    185
   101   1912    961    185
   102      1    851    186
   102   1919    961    186
   103      4    854    187
   103   1918    961    187
   104      3    860    188
   104   1907    951    188
   105      1    854    189
   105   1906    960    189
   106      0    863    190
   106   1909    958    190
   107      7    858    191
   107   1907    954    191
   108     13    855    192
   108   1906    963    192
   109      7    852    193
   109   1918    961    193
   110      0    854    194
   110   1912    961    194
   111      0    851    195
   111   1910    955    195
   112      0    854    196
   112   1916    955    196
   113      0    857    197
   113   1916    955    197
   114      0    851    198
   114   1916    952    198
   115      1    854    199
   115   1919    961    199
   116      0    857    200
   116   1912    961    200
   117      0    857    201
   117   1915    958    201
   118      0    857    202
   118   1909    958    202
   119      1    854    203
   119   1912    964    203
   120      0    860    204
   120   1912    958    204
   121      0    857    205
   121   1919    949    205
   122      1    857    206
   122   1919    955    206
   123      4    857    207
   123   1915    958    207
   124      1    854    208
   124   1919    955    208
   125      1    851    209
   125   1915    961    209
   126      1    857    210
   126   1912    958    210
   127      0    860    211
   127   1909    958    211
   128      1    857    212
   128   1915    958    212
   129      0    860    213
   129   1915    958    213
   130      4    857    214
   130   1916    955    214
   131      0    857    215
   131   1909    958    215
   132      4    857    216
   132   1919    952    216
   133      4    857    217
   133   1919    952    217
   134      1    851    218
   134   1919    961    218
   135      4    857    219
   135   1913    955    219
   136      1    857    220
   136   1912    958    220
   137      0    854    221
   137   1913    955    221
   138      1    851    222
   138   1909    958    222
   139      0    863    223
   139   1919    949    223
   140      0    854    224
   140   1913    952    224
   141      0    854    225
   141   1910    955    225
   142      0    859    226
   142   1906    960    226
   143      0    854    227
   143   1903    957    227
   144      0    857    228
   144   1913    955    228
   145      7    852    229
   145   1919    955    229
   146      0    854    230
   146   1907    951    230
   147      4    851    231
   147   1906    963    231
   148      0    857    232
   148   1910    946    232
   149      0    854    233
   149   1913    949    233
   150      4    854    234
   150   1916    949    234
   151      7    855    235
   151   1910    946    235
   152      0    851    236
   152   1919    952    236
   153      0    854    237
   153   1910    949    237
   154      1    851    238
   154   1919    955    238
   155      4    854    239
   155   1913    952    239
   156      0    854    240
   156   1919    949    240
   157      4    854    241
   157   1910    946    241
   158      1    854    242
   158   1913    952    242
   159      1    854    243
   159   1916    946    243
   160     10    858    244
   160   1910    949    244
   161      7    855    245
   161   1913    952    245
   162      3    860    246
   162   1919    952    246
   163      0    860    247
   163   1919    952    247
   164      4    857    248
   164   1919    943    248
   165      4    857    249
   165   1919    946    249
   166      7    858    250
   166   1916    943    250
   167      1    857    251
   167   1913    946    251
   168      1    854    252
   168   1916    955    252
   169      4    857    253
   169   1910    946    253
   170      0    860    254
   170   1919    949    254
   171      0    857    255
   171   1919    947    255
   172      0    854    256
   172   1910    946    256
   173      0    860    257
   173   1910    955    257
   174      1    857    258
   174   1913    946    258
   175      0    857    259
   175   1907    942    259
   176      6    861    260
   176   1910    943    260
   177      1    857    261
   177   1910    946    261
   178      3    860    262
   178   1916    955    262
   179      3    860    263
   179   1916    952    263
   180      0    860    264
   180   1916    946    264
   181      0    863    265
   181   1913    949    265
   182      1    857    266
   182   1910    949    266
   183      0    860    267
   183   1907    942    267
   184      4    857    268
   184   1916    946    268
   185      6    864    269
   185   1916    955    269
   186      3    863    270
   186   1907    948    270
   187      6    861    271
   187   1915    958    271
   188      0    863    272
   188   1907    948    272
   189      0    860    273
   189   1904    948    273
   190      0    863    274
   190   1907    945    274
   191      4    857    275
   191   1910    949    275
   192      0    860    276
   192   1910    952    276
   193      0    863    277
   193   1916    943    277
   194      3    863    278
   194   1916    952    278
   195      3    863    279
   195   1913    952    279
   196      3    866    280
   196   1916    952    280
   197      9    864    281
   197   1919    949    281
   198      0    860    282
   198   1910    946    282
   199      0    860    283
   199   1919    952    283
   200      4    857    284
   200   1916    946    284
   201      3    863    285
   201   1916    949    285
   202      3    863    286
   202   1916    946    286
   203      0    869    287
   203   1910    949    287
   204      0    863    288
   204   1916    952    288
   205      0    863    289
   205   1919    955    289
   206      0    860    290
   206   1910    952    290
   207      0    860    291
   207   1919    946    291
   208      0    866    292
   208   1910    949    292
   209      6    861    293
   209   1913    949    293
   210      0    863    294
   210   1919    952    294
   211      3    863    295
   211   1913    952    295
   212      0    866    296
   212   1916    952    296
   213      0    863    297
   213   1910    955    297
   214      3    866    298
   214   1915    958    298
   215      0    863    299
   215   1916    955    299
   216      0    863    300
   216   1916    949    300
   217      0    863    301
   217   1916    955    301
   218      0    860    302
   218   1913    955    302
   219      0    863    303
   219   1910    946    303
   220      3    869    304
   220   1916    952    304
   221      0    872    305
   221   1909    958    305
   222      0    860    306
   222   1916    952    306
   223      0    860    307
   223   1907    954    307
   224      0    866    308
   224   1916    949    308
   225      0    863    309
   225   1907    954    309
   226      0    860    310
   226   1919    955    310
   227      6    864    311
   227   1912    961    311
   228      3    863    312
   228   1907    951    312
   229      3    846    173
   229   1911    954    173
