     1    744   1013    277
     1   1690   1013    267
     2    745   1008    277
     2   1688   1008    267
     3    746   1003    275
     3   1690   1003    266
     4    746    998    274
     4   1689    998    265
     5    746    993    271
     5   1689    993    265
     6    745    988    270
     6   1689    988    266
     7    742    978    270
     7   1689    978    265
     8    742    973    267
     8   1687    973    266
     9    741    968    269
     9   1689    968    265
    10    741    963    266
    10   1688    963    267
    11    741    958    268
    11   1690    958    266
    12    739    953    267
    12   1690    953    267
    13    739    948    267
    13   1688    948    268
    14    737    943    266
    14   1688    943    269
    15    737    938    267
    15   1688    938    268
    16    737    933    266
    16   1689    933    269
    17    736    928    267
    17   1688    928    268
    18    737    923    266
    18   1689    923    268
    19    736    918    267
    19   1687    918    267
    20    737    913    266
    20   1687    913    266
    21    737    908    266
    21   1686    908    264
    22    738    903    265
    22   1687    903    266
    23    738    898    265
    23   1688    898    268
    24    736    893    264
    24   1685    893    265
    25    736    888    266
    25   1686    888    266
    26    736    883    267
    26   1685    883    267
    27    735    878    266
    27   1685    878    267
    28    734    873    267
    28   1683    873    268
    29    734    868    267
    29   1685    868    266
    30    734    863    268
    30   1685    863    268
    31    735    858    268
    31   1683    858    265
    32    734    853    267
    32   1685    853    267
    33    733    848    267
    33   1682    848    265
    34    733    843    266
    34   1684    843    267
    35    731    838    267
    35   1683    838    268
    36    732    833    268
    36   1683    833    267
    37    730    828    268
    37   1682    828    270
    38    733    823    267
    38   1682    823    269
    39    729    818    267
    39   1683    818    268
    40    729    813    266
    40   1682    813    266
    41    728    808    267
    41   1684    808    269
    42    728    803    266
    42   1680    803    266
    43    727    798    266
    43   1682    798    269
    44    726    793    265
    44   1682    793    267
    45    726    788    265
    45   1681    788    267
    46    724    783    263
    46   1681    783    265
    47    724    778    264
    47   1682    778    265
    48    724    773    264
    48   1681    773    265
    49    724    768    263
    49   1682    768    265
    50    723    763    263
    50   1680    763    265
    51    723    758    261
    51   1682    758    265
    52    723    753    263
    52   1680    753    265
    53    722    748    262
    53   1680    748    266
    54    722    743    262
    54   1679    743    265
    55    721    738    261
    55   1678    738    266
    56    720    733    261
    56   1678    733    265
    57    720    728    260
    57   1677    728    263
    58    719    723    260
    58   1675    723    263
    59    718    718    260
    59   1676    718    261
    60    718    713    260
    60   1675    713    262
    61    717    708    260
    61   1673    708    261
    62    717    703    259
    62   1674    703    262
    63    717    698    259
    63   1672    698    260
    64    716    693    259
    64   1673    693    260
    65    717    688    258
    65   1671    688    259
    66    716    683    259
    66   1670    683    258
    67    714    678    257
    67   1670    678    257
    68    714    673    256
    68   1669    673    256
    69    713    668    255
    69   1671    668    256
    70    711    663    255
    70   1668    663    256
    71    711    658    253
    71   1668    658    254
    72    711    653    252
    72   1669    653    255
    73    710    648    251
    73   1667    648    252
    74    709    643    252
    74   1667    643    253
    75    708    638    252
    75   1664    638    252
    76    708    633    251
    76   1666    633    253
    77    707    628    251
    77   1664    628    251
    78    706    623    251
    78   1666    623    252
    79    707    618    250
    79   1664    618    253
    80    705    613    251
    80   1665    613    253
    81    706    608    251
    81   1663    608    253
    82    704    603    250
    82   1666    603    255
    83    705    598    251
    83   1668    598    252
    84    705    593    249
    84   1667    593    253
    85    704    588    250
    85   1666    588    251
    86    705    583    249
    86   1666    583    251
    87    704    578    249
    87   1669    578    252
    88    744    983    269
    88   1690    983    266
    89    745   1018    276
    89   1688   1018    268
    90    744   1023    275
    90   1690   1023    268
    91    744   1028    274
    91   1691   1028    268
    92    743   1033    275
    92   1692   1033    267
    93    742   1038    273
    93   1692   1038    269
    94    742   1043    273
    94   1691   1043    267
    95    741   1048    271
    95   1690   1048    267
    96    740   1053    271
    96   1690   1053    267
    97    740   1058    269
    97   1691   1058    267
    98    739   1063    268
    98   1691   1063    266
    99    738   1068    268
    99   1690   1068    268
   100    738   1073    269
   100   1690   1073    266
   101    738   1078    268
   101   1688   1078    267
   102    737   1083    268
   102   1688   1083    267
   103    737   1088    268
   103   1686   1088    266
   104    737   1093    267
   104   1686   1093    267
   105    737   1098    266
   105   1685   1098    266
   106    736   1103    266
   106   1687   1103    267
   107    738   1108    265
   107   1685   1108    266
   108    738   1113    264
   108   1686   1113    267
   109    738   1118    263
   109   1685   1118    266
   110    737   1123    263
   110   1688   1123    266
   111    736   1128    264
   111   1687   1128    266
   112    735   1133    262
   112   1687   1133    267
   113    735   1138    263
   113   1687   1138    265
   114    736   1143    262
   114   1686   1143    268
   115    734   1148    264
   115   1686   1148    267
   116    733   1153    261
   116   1685   1153    267
   117    734   1158    263
   117   1685   1158    267
   118    733   1163    261
   118   1685   1163    265
   119    733   1168    262
   119   1683   1168    266
   120    733   1173    260
   120   1685   1173    265
   121    733   1178    260
   121   1683   1178    265
   122    731   1183    260
   122   1683   1183    266
   123    729   1188    259
   123   1684   1188    266
   124    732   1193    259
   124   1683   1193    267
   125    729   1198    259
   125   1684   1198    265
   126    728   1203    260
   126   1683   1203    265
   127    726   1208    258
   127   1682   1208    265
   128    726   1213    259
   128   1681   1213    264
   129    725   1218    257
   129   1681   1218    264
   130    725   1223    256
   130   1680   1223    264
   131    722   1228    257
   131   1680   1228    264
   132    724   1233    257
   132   1678   1233    262
   133    722   1238    258
   133   1678   1238    262
   134    721   1243    257
   134   1681   1243    262
   135    721   1248    258
   135   1682   1248    262
   136    720   1253    257
   136   1682   1253    261
   137    720   1258    258
   137   1682   1258    260
   138    719   1263    256
   138   1681   1263    260
   139    717   1268    256
   139   1682   1268    259
   140    719   1273    256
   140   1680   1273    260
   141    717   1278    256
   141   1680   1278    259
   142    720   1283    257
   142   1679   1283    260
   143    719   1288    256
   143   1678   1288    260
   144    719   1293    255
   144   1680   1293    259
   145    720   1298    255
   145   1678   1298    260
   146    719   1303    254
   146   1678   1303    260
   147    720   1308    256
   147   1678   1308    260
   148    718   1313    253
   148   1679   1313    261
   149    719   1318    255
   149   1676   1318    260
   150    718   1323    253
   150   1678   1323    261
   151    718   1328    254
   151   1676   1328    260
   152    718   1333    254
   152   1677   1333    260
   153    717   1338    251
   153   1678   1338    260
   154    719   1343    253
   154   1677   1343    259
   155    718   1348    251
   155   1679   1348    257
   156    717   1353    252
   156   1676   1353    258
   157    717   1358    249
   157   1679   1358    256
   158    717   1363    252
   158   1678   1363    257
   159    718   1367    249
   159   1680   1367    257
   160    716   1372    250
   160   1680   1372    255
   161    717   1377    249
   161   1681   1377    257
   162    714   1382    248
   162   1680   1382    254
   163    715   1387    249
   163   1681   1387    256
   164    715   1392    248
   164   1679   1392    253
   165    716   1397    248
   165   1679   1397    252
   166    715   1402    246
   166   1680   1402    251
   167    715   1407    248
   167   1678   1407    251
   168    714   1412    246
   168   1679   1412    251
   169    714   1417    247
   169   1676   1417    251
   170    715   1422    244
   170   1679   1422    250
   171    714   1427    246
   171   1678   1427    252
   172    714   1432    244
   172   1679   1432    249
