     1    647    363    205
     1   1399    376    230
     2    646    367    203
     2   1399    381    229
     3    646    372    201
     3   1399    386    227
     4    646    376    198
     4   1397    391    226
     5    646    381    196
     5   1398    395    223
     6    646    386    194
     6   1397    400    221
     7    646    390    192
     7   1397    405    219
     8    646    397    194
     8   1397    409    218
     9    645    401    192
     9   1398    414    216
    10    644    406    190
    10   1398    418    213
    11    643    410    188
    11   1400    423    211
    12    643    415    186
    12   1400    427    208
    13    642    420    184
    13   1400    431    206
    14    641    424    182
    14   1400    436    204
    15    641    429    180
    15   1400    440    201
    16    639    433    178
    16   1400    445    199
    17    639    438    175
    17   1400    450    198
    18    638    443    174
    18   1400    454    195
    19    638    447    172
    19   1400    459    194
    20    637    451    169
    20   1400    463    191
    21    636    456    167
    21   1400    468    190
    22    636    460    164
    22   1398    474    189
    23    636    464    161
    23   1398    478    188
    24    636    469    160
    24   1397    483    186
    25    634    474    157
    25   1397    488    184
    26    633    478    155
    26   1397    492    182
    27    632    482    153
    27   1397    496    179
    28    631    487    151
    28   1398    501    177
    29    631    492    150
    29   1399    505    174
    30    631    497    149
    30   1398    510    172
    31    630    502    148
    31   1398    515    171
    32    630    507    146
    32   1400    519    167
    33    630    512    144
    33   1400    523    166
    34    628    517    143
    34   1400    528    164
    35    627    521    141
    35   1399    533    162
    36    626    526    139
    36   1398    537    160
    37    626    530    138
    37   1398    541    159
    38    647    359    209
    38   1399    372    233
    39    645    355    211
    39   1400    368    236
    40    645    351    214
    40   1399    364    239
    41    645    347    217
    41   1399    360    242
    42    645    342    220
    42   1399    356    244
    43    645    338    222
    43   1399    352    248
    44    644    334    225
    44   1399    348    251
    45    644    330    227
    45   1399    343    253
    46    645    325    230
    46   1399    339    256
    47    645    321    233
    47   1398    335    259
    48    644    317    236
    48   1397    330    261
    49    644    313    239
    49   1397    326    264
    50    643    309    242
    50   1397    322    266
    51    643    304    244
    51   1397    318    269
    52    643    300    246
    52   1397    314    272
    53    643    296    249
    53   1397    310    275
    54    643    291    252
    54   1397    304    275
    55    643    287    255
    55   1397    298    274
    56    643    283    258
    56   1396    292    274
    57    644    279    261
    57   1395    287    275
    58    644    275    263
    58   1395    281    274
    59    644    271    266
    59   1395    275    275
    60    644    267    269
    60   1394    270    275
    61    644    263    272
    61   1394    264    275
    62    643    258    275
    62   1394    259    275
    63    643    253    275
    63   1394    253    275
