     1   1142    788     37
     1   1918    788     29
     2   1142    793     37
     2   1918    793     29
     3   1142    798     37
     3   1918    798     30
     4   1142    803     36
     4   1918    803     29
     5   1142    808     35
     5   1918    808     29
     6   1142    813     35
     6   1918    813     28
     7   1141    818     34
     7   1917    818     27
     8   1140    823     33
     8   1917    823     26
     9   1140    828     32
     9   1917    828     25
    10   1141    833     31
    10   1917    833     25
    11   1141    838     30
    11   1917    838     24
    12   1141    843     29
    12   1918    843     23
    13   1140    848     28
    13   1918    848     23
    14   1140    853     27
    14   1918    853     22
    15   1140    858     26
    15   1917    858     21
    16   1139    863     25
    16   1917    863     21
    17   1139    868     25
    17   1918    868     21
    18   1139    873     25
    18   1918    873     21
    19   1139    878     25
    19   1918    878     20
    20   1138    883     24
    20   1917    883     19
    21   1138    888     23
    21   1916    888     18
    22   1138    893     23
    22   1917    893     18
    23   1139    898     23
    23   1918    898     18
    24   1139    903     23
    24   1917    903     17
    25   1138    908     22
    25   1916    908     16
    26   1137    913     21
    26   1916    913     16
    27   1136    918     20
    27   1915    918     16
    28   1136    923     20
    28   1914    923     15
    29   1135    928     19
    29   1914    928     14
    30   1135    933     18
    30   1913    933     13
    31   1135    938     17
    31   1914    938     12
    32   1136    943     17
    32   1914    943     11
    33   1135    948     16
    33   1914    948     10
    34   1135    953     15
    34   1914    953     10
    35   1134    958     15
    35   1915    958     10
    36   1134    963     14
    36   1916    963      9
    37   1134    968     13
    37   1916    968      9
    38   1134    973     13
    38   1916    973      9
    39   1133    978     12
    39   1916    978      9
    40   1133    983     12
    40   1916    983      9
    41   1133    988     11
    41   1914    988     10
    42   1132    993     10
    42   1914    993     10
    43   1132    998     10
    43   1913    998      9
    44   1133   1003     10
    44   1914   1003      8
    45   1133   1008      9
    45   1912   1008      8
    46   1133   1013      8
    46   1911   1013      8
    47   1132   1018      7
    47   1911   1018      8
    48   1131   1023      7
    48   1910   1023      8
    49   1129   1028      6
    49   1909   1028      8
    50   1128   1033      5
    50   1907   1033      7
    51   1128   1038      4
    51   1907   1038      7
    52   1127   1043      3
    52   1906   1043      6
    53   1127   1048      4
    53   1905   1048      7
    54   1126   1053      3
    54   1905   1053      6
    55   1126   1058      3
    55   1904   1058      6
    56   1126   1063      4
    56   1904   1063      5
    57   1124   1068      3
    57   1903   1068      5
    58   1123   1073      2
    58   1903   1073      4
    59   1123   1078      1
    59   1903   1078      3
    60   1122   1083      0
    60   1902   1083      3
    61   1122   1088      0
    61   1902   1088      3
    62   1122   1093      0
    62   1901   1093      3
    63   1122   1098      0
    63   1902   1098      3
    64   1121   1103      0
    64   1902   1103      2
    65   1121   1108      0
    65   1902   1108      1
    66   1121   1113      1
    66   1901   1113      1
    67   1120   1118      0
    67   1900   1118      0
    68   1119   1123      0
    68   1900   1123      0
    69   1118   1128      0
    69   1899   1128      0
    70   1118   1133      0
    70   1898   1133      0
    71   1117   1138      0
    71   1897   1138      0
    72   1117   1143      0
    72   1898   1143      0
    73   1116   1148      0
    73   1898   1148      0
    74   1115   1153      0
    74   1897   1153      0
    75   1114   1158      0
    75   1897   1158      0
    76   1113   1163      0
    76   1898   1163      0
    77   1112   1168      0
    77   1897   1168      0
    78   1110   1173      0
    78   1897   1173      0
    79   1109   1178      0
    79   1898   1178      1
    80   1108   1183      0
    80   1898   1183      0
    81   1108   1188      0
    81   1897   1188      0
    82   1108   1193      0
    82   1897   1193      0
    83   1142    783     37
    83   1917    783     27
    84   1142    778     36
    84   1918    778     27
    85   1142    773     35
    85   1917    773     26
    86   1142    768     35
    86   1917    768     26
    87   1142    763     34
    87   1918    763     25
    88   1142    758     33
    88   1917    758     24
    89   1142    753     32
    89   1918    753     24
    90   1142    748     31
    90   1917    748     23
    91   1142    743     30
    91   1917    743     22
    92   1142    738     30
    92   1918    738     21
    93   1142    733     29
    93   1917    733     20
    94   1141    728     28
    94   1916    728     20
    95   1140    723     27
    95   1916    723     19
    96   1138    718     26
    96   1916    718     19
    97   1137    713     25
    97   1917    713     18
    98   1137    708     24
    98   1916    708     17
    99   1137    703     23
    99   1916    703     16
   100   1137    698     22
   100   1916    698     15
   101   1137    693     21
   101   1915    693     14
   102   1137    688     20
   102   1916    688     13
   103   1137    683     19
   103   1915    683     13
   104   1137    678     19
   104   1914    678     12
   105   1137    673     18
   105   1914    673     11
   106   1137    668     17
   106   1915    668     10
   107   1136    663     17
   107   1915    663     10
   108   1136    658     16
   108   1915    658      8
   109   1135    653     16
   109   1915    653      8
   110   1135    648     16
   110   1915    648      8
   111   1134    643     15
   111   1914    643      8
   112   1134    638     14
   112   1913    638      7
   113   1133    633     14
   113   1912    633      7
   114   1133    628     15
   114   1912    628      7
   115   1132    623     15
   115   1912    623      5
   116   1132    618     15
   116   1912    618      5
   117   1132    613     14
   117   1911    613      4
   118   1132    608     13
   118   1911    608      3
   119   1131    603     13
   119   1910    603      2
   120   1131    598     13
   120   1909    598      1
   121   1131    593     11
   121   1909    593      1
   122   1132    588     11
   122   1909    588      1
   123   1132    583     10
   123   1909    583      0
   124   1132    578      9
   124   1908    578      0
   125   1133    573      8
   125   1908    573      0
   126   1132    568      7
   126   1908    568      0
   127   1130    563      6
   127   1907    563      0
   128   1129    558      5
   128   1907    558      0
   129   1129    553      4
   129   1907    553      0
   130   1128    548      4
   130   1906    548      0
   131   1127    543      3
   131   1906    543      0
   132   1126    538      3
   132   1905    538      1
   133   1126    533      3
   133   1903    533      1
   134   1126    528      3
   134   1901    528      1
   135   1125    523      3
   135   1900    523      1
   136   1124    518      3
   136   1900    518      0
   137   1123    513      2
   137   1899    513      0
   138   1122    508      2
   138   1898    508      0
   139   1121    503      2
   139   1897    503      0
   140   1120    498      1
   140   1896    498      0
   141   1119    493      0
   141   1896    493      0
   142   1118    488      0
   142   1896    488      0
   143   1118    483      0
   143   1897    483      0
   144   1117    478      0
   144   1896    478      0
   145   1117    473      0
   145   1894    473      0
   146   1116    468      0
   146   1892    468      0
   147   1116    463      0
   147   1891    463      0
   148   1115    458      0
   148   1891    458      0
   149   1114    453      0
   149   1891    453      0
   150   1112    448      0
   150   1891    448      0
   151   1111    443      0
   151   1890    443      0
   152   1111    438      0
   152   1890    438      0
   153   1110    433      0
   153   1890    433      0
   154   1110    428      0
   154   1891    428      0
   155   1109    423      0
   155   1890    423      0
   156   1108    418      0
   156   1891    418      0
   157   1107    413      0
   157   1890    413      0
   158   1106    408      0
   158   1889    408      0
   159   1106    403      0
   159   1890    403      0
   160   1106    398      0
   160   1889    398      0
   161   1106    393      0
   161   1888    393      0
   162   1106    388      0
   162   1886    388      0
   163   1105    383      0
   163   1886    383      0
   164   1104    378      0
   164   1886    378      0
   165   1103    373      0
   165   1886    373      0
   166   1102    368      0
   166   1886    368      0
